version https://git-lfs.github.com/spec/v1
oid sha256:e272f3a5988fe7f983edac24133022b28249e296e73a787fc2c039b5a117fc83
size 2164
