version https://git-lfs.github.com/spec/v1
oid sha256:18211b5e56c3815f2c3dae434680cf3b1be4f13e11272f0652adc8364a80029f
size 120
