version https://git-lfs.github.com/spec/v1
oid sha256:ca9fd9008e52672be85ee55b55fe6dbdb50a6fd459ba575b245ea5a2eeeb6c10
size 630
