version https://git-lfs.github.com/spec/v1
oid sha256:dc85e3d8f086db4d75e2413eaed41f6a60b9f1ea2d28b92214eee698920fc66b
size 164
