version https://git-lfs.github.com/spec/v1
oid sha256:27aaf37a580c282e5f5171d667215678695daaf5fe4aa1a514278e8d446eccc0
size 568
