version https://git-lfs.github.com/spec/v1
oid sha256:150c40328d0c728ca7b878a04d6b55b7adae81816274824905cf40083f0e4a59
size 90
