year	open_access	scihub	crossref	scihub_journals	crossref_journals
2000	1	0	42	0	1
2001	1	0	40	0	1
2002	1	0	40	0	1
2003	1	0	40	0	1
2004	1	0	40	0	1
2005	1	0	46	0	1
2006	1	0	48	0	1
2007	1	0	88	0	1
2008	1	1	112	1	1
2009	1	1	98	1	1
2010	1	1	104	1	1
2011	1	3	120	1	1
2012	1	1	138	1	1
2013	1	0	153	0	1
2014	1	1	125	1	1
2015	1	3	156	1	1
2016	1	0	115	0	1
2017	1	0	40	0	1
