version https://git-lfs.github.com/spec/v1
oid sha256:4310e5130644128057bbbda9c1630ab171c47e6556a3289de9d978e69817b884
size 2163
