version https://git-lfs.github.com/spec/v1
oid sha256:19b1fd535b98f1d973ca9239dda08abfffeb20f5a7d9c4b76a30ee7521ca5306
size 3121
