version https://git-lfs.github.com/spec/v1
oid sha256:de2afc3f44d84bf6e258106ff229e715e220656cf6446da70c29befbc6fafafd
size 483
