version https://git-lfs.github.com/spec/v1
oid sha256:0901aa66b3303f6a6ea433d1a67e102d104ba7106eb0f856748830a422f30f1e
size 237
