doi	title	authors	title_name	year	downloads	visitors	countries
10.2754/avb201483020119	Effect of age on contents of fatty acids in whole bodies of pheasants throughout their growth	Petra Jakešová, David Zapletal, Radovan Jůzl, Lucie Rusníková, Pavel Suchý, Eva Straková	Acta Veterinaria Brno	2014	1	1	1
10.2754/avb201483s10s111	Colour change of bakery products influenced by used additions	Petra Čáslavková, Martina Bednářová, Martina Ošťádalová, Pavel Štarha, Josef Bednář, Jana Pokorná, Bohuslava Tremlová, Zuzana Řezačová Lukášková	Acta Veterinaria Brno	2015	1	1	1
10.2754/avb201483s10s35	Moisture sorption isotherms of whole milk powder in the temperature range of 5–35 °C and critical values of water activity prediction	Jitka Langová, Jiří Štencl	Acta Veterinaria Brno	2015	1	1	1
10.2754/avb201483s10s85	Adulteration of honey and available methods for detection – a review	Blanka Zábrodská, Lenka Vorlová	Acta Veterinaria Brno	2015	1	1	1
10.2754/avb201585010047	Comparative data concerning aflatoxin contents in Bt maize and non-Bt isogenic maize in relation to human and animal health – a review	Vladimír Ostrý, František Malíř, Annie Pfohl-Leszkowicz	Acta Veterinaria Brno	2015	3	1	1
