version https://git-lfs.github.com/spec/v1
oid sha256:12ec8b2df98d0c77c86b855fd8225822d4cd50fdfd1e180a673bcb57931d773a
size 2188
