version https://git-lfs.github.com/spec/v1
oid sha256:2d3ece89a1694da699c1a3e5ae00a1942b1c745730fc0a7b2e50c8276dd64826
size 172
