version https://git-lfs.github.com/spec/v1
oid sha256:2d0a624b945b5cc0fcf4e69d3d7ab2858958af35117140f3d2b7166f02a6a4be
size 2166
