version https://git-lfs.github.com/spec/v1
oid sha256:a50583dd5f6e7990eb4249bf156e1dceaff5ea58098c4b3a2aeb6cac37d2744e
size 221
