version https://git-lfs.github.com/spec/v1
oid sha256:f437c9f5552a9e96be57751609f7f00df746c19972db20fc744a4e4c0f0a5f80
size 1257
