version https://git-lfs.github.com/spec/v1
oid sha256:a42c325285494c0f02c1e469fc7232a85241501545ad2a4d44b8590ab0013d07
size 200
