version https://git-lfs.github.com/spec/v1
oid sha256:f41f3d7deee56d5d9a09586863ac4d3feac1b177100bd833e2adc368fb68515f
size 2163
