version https://git-lfs.github.com/spec/v1
oid sha256:65fb98abf4c4af00787a96814ec0fcc89f47e8788c409f1f1d3183a6adc07dd8
size 2200
