version https://git-lfs.github.com/spec/v1
oid sha256:d3c054bce2aa8009bca4053a70d108dc8ab4457364d214b9dd0147f1d473fbd6
size 759
