version https://git-lfs.github.com/spec/v1
oid sha256:eccb9c29cf0f7fb32818052ce94e3bbce98fb7f2f8b2edc59014494600e42e8f
size 294
