year	open_access	scihub	crossref	scihub_journals	crossref_journals
2015	0	33	33	1	1
2016	0	29	29	1	1
2017	0	13	18	1	1
