version https://git-lfs.github.com/spec/v1
oid sha256:a256340b1bb21a359fa96540bd5c84a8360d0d610ab78852210b44f7ea579e45
size 267
