version https://git-lfs.github.com/spec/v1
oid sha256:e2faef60e53c0a9d2d8058692ae613ec7eb1260c21ed135eb3bd8a87aeb73a27
size 5594
