version https://git-lfs.github.com/spec/v1
oid sha256:eb8cfed75ac9459c83546afbb95cc6f0265cd0384e382fb2d70a06231d6468fc
size 2159
