version https://git-lfs.github.com/spec/v1
oid sha256:7b3f8f3e90ed8804c820e0997ddcbc37bfb0a1bee46c05bfe67221f7c29b5acb
size 975
