year	open_access	scihub	crossref	scihub_journals	crossref_journals
2005	1	0	24	0	1
2006	1	0	30	0	1
2007	1	0	26	0	1
2008	1	0	27	0	1
2009	1	0	70	0	1
2010	1	0	67	0	1
2011	1	45	48	1	1
2012	1	39	74	1	1
2013	1	48	49	1	1
2014	1	38	45	1	1
2015	1	12	55	1	1
2016	1	19	50	1	1
