version https://git-lfs.github.com/spec/v1
oid sha256:03360ea2f8141f7f4ecf054927d4d13544d194b6d97ca554cfbfc84d04b9a285
size 2175
