version https://git-lfs.github.com/spec/v1
oid sha256:14c56bc1fe5c8d262b4240b2b29daa8cf9accb966709b31bb6a2cb3a4966587a
size 133
