version https://git-lfs.github.com/spec/v1
oid sha256:d8d0fcc71d7ada9dd0e596fbf43bddde2e8c49096c08f4999523c19738fcf806
size 377
