version https://git-lfs.github.com/spec/v1
oid sha256:a3cfa39367a94b07811a6dd0901e989b1c3fb6e112dc1e55cb53501d107e623c
size 2153
