version https://git-lfs.github.com/spec/v1
oid sha256:f99462833941fb0cb5144e7c3f6cb85657ee55042345ff1538a110558279d170
size 151
