version https://git-lfs.github.com/spec/v1
oid sha256:bc547c0c92bfb4271d97db42a7c6b1a38a0f79f9ca9ad77cbd3df57dc3ef8f37
size 2163
