version https://git-lfs.github.com/spec/v1
oid sha256:3c96e65dcdf545540c31c24d9026eb46f7a3b4c5e547505590c2e0acd69bd6f1
size 426
