version https://git-lfs.github.com/spec/v1
oid sha256:7afbfa9e173a26a387e17e97a9c7d54fe085e96b1aae55f3cedd136a5d8cfaba
size 110
