year	open_access	scihub	crossref	scihub_journals	crossref_journals
1956	0	0	39	0	1
1957	0	0	35	0	1
1958	0	0	27	0	1
1959	0	1	37	1	1
1960	0	0	48	0	1
1961	0	1	65	1	1
1962	0	0	57	0	1
1963	0	0	54	0	1
1964	0	1	53	1	1
1965	0	0	59	0	1
1966	0	0	44	0	1
1967	0	1	47	1	1
1968	0	0	48	0	1
1969	0	1	40	1	1
1970	0	0	46	0	1
1971	0	0	41	0	1
1972	0	0	43	0	1
1973	0	0	42	0	1
1974	0	1	49	1	1
1975	0	0	50	0	1
1976	0	0	51	0	1
1977	0	0	44	0	1
1978	0	0	50	0	1
1979	0	0	35	0	1
1980	0	0	44	0	1
1981	0	1	41	1	1
1982	0	0	42	0	1
1983	0	0	51	0	1
1984	0	0	44	0	1
1985	0	0	14	0	1
1986	0	0	35	0	1
1987	0	1	32	1	1
1988	0	0	51	0	1
1989	0	1	98	1	1
1991	0	0	48	0	1
1992	0	0	56	0	1
1993	0	1	70	1	1
1994	0	0	57	0	1
1995	0	1	44	1	1
1996	0	1	48	1	1
