version https://git-lfs.github.com/spec/v1
oid sha256:36bddb459186db5160045a5ad1c0409ab2cbf665a631b89b782b5f0c043b6a92
size 4334
