version https://git-lfs.github.com/spec/v1
oid sha256:fd7dd67e2b0bb5d8e391b6d28463ad146931bebe949cd36a2d60771dfae2b257
size 97
