version https://git-lfs.github.com/spec/v1
oid sha256:35f92f2f0e9556036828e39fd00fab7a9be1fc7b803198ab12faaae8f02689b6
size 100
