version https://git-lfs.github.com/spec/v1
oid sha256:96a1bc9b67fe5d1a858f205152e07efbaad57ea9f312a73bd59c21529451084f
size 166
