version https://git-lfs.github.com/spec/v1
oid sha256:b47e1134ab17df944aaef1d8bb3a760458f1966d6ccf52d76d679e1d4093eca5
size 2175
