version https://git-lfs.github.com/spec/v1
oid sha256:428c606333309585cb56c951e13effaedb12717f2d1c17fab12c7e11a7c91b1f
size 263
