version https://git-lfs.github.com/spec/v1
oid sha256:6a195118e4d5975720ce4c2a7971bfcff27d24c675076e4993637d472dc02ef0
size 63
