version https://git-lfs.github.com/spec/v1
oid sha256:af10245b4a68dd84d4991afc5b7a8251919690ae269bd6b43b3931f4ee83205e
size 2153
