version https://git-lfs.github.com/spec/v1
oid sha256:2546a9e4f737c7fe3eeaba951cd75786bf6214d291ae48dddd0d04cf5de79dfa
size 4809
